solid inlet_1
 facet normal 0 -1 -0
  outer loop
   vertex 0.00017364819359499961 -0.018650000914931297 0.00098480773158371449
   vertex 8.71557422215119e-05 -0.018650000914931297 0.00099619466345757246
   vertex 0 -0.018650000914931297 0
  endloop
 endfacet
 facet normal -0 -1 0
  outer loop
   vertex 0 -0.018650000914931297 0
   vertex 8.71557422215119e-05 -0.018650000914931297 0.00099619466345757246
   vertex 1.2246469714923809e-19 -0.018650000914931297 0.0010000000474974513
  endloop
 endfacet
 facet normal 0 -1 0
  outer loop
   vertex 0 -0.018650000914931297 0
   vertex 1.2246469714923809e-19 -0.018650000914931297 0.0010000000474974513
   vertex -8.71557422215119e-05 -0.018650000914931297 0.00099619466345757246
  endloop
 endfacet
 facet normal 0 -1 -0
  outer loop
   vertex 0.00042261829366907477 -0.018650000914931297 0.00090630777413025498
   vertex 0.00034202021197415888 -0.018650000914931297 0.00093969260342419147
   vertex 0 -0.018650000914931297 0
  endloop
 endfacet
 facet normal -0 -1 0
  outer loop
   vertex 0 -0.018650000914931297 0
   vertex 0.00034202021197415888 -0.018650000914931297 0.00093969260342419147
   vertex 0.00025881911278702319 -0.018650000914931297 0.00096592580666765571
  endloop
 endfacet
 facet normal -0 -1 0
  outer loop
   vertex 0 -0.018650000914931297 0
   vertex 0.00025881911278702319 -0.018650000914931297 0.00096592580666765571
   vertex 0.00017364819359499961 -0.018650000914931297 0.00098480773158371449
  endloop
 endfacet
 facet normal 0 -1 -0
  outer loop
   vertex 0.00064278760692104697 -0.018650000914931297 0.00076604442438110709
   vertex 0.0005735764279961586 -0.018650000914931297 0.0008191519882529974
   vertex 0 -0.018650000914931297 0
  endloop
 endfacet
 facet normal -0 -1 0
  outer loop
   vertex 0 -0.018650000914931297 0
   vertex 0.0005735764279961586 -0.018650000914931297 0.0008191519882529974
   vertex 0.00050000002374872565 -0.018650000914931297 0.00086602539522573352
  endloop
 endfacet
 facet normal -0 -1 0
  outer loop
   vertex 0 -0.018650000914931297 0
   vertex 0.00050000002374872565 -0.018650000914931297 0.00086602539522573352
   vertex 0.00042261829366907477 -0.018650000914931297 0.00090630777413025498
  endloop
 endfacet
 facet normal 0 -1 -0
  outer loop
   vertex 0.0008191519882529974 -0.018650000914931297 0.0005735764279961586
   vertex 0.00076604442438110709 -0.018650000914931297 0.00064278760692104697
   vertex 0 -0.018650000914931297 0
  endloop
 endfacet
 facet normal -0 -1 0
  outer loop
   vertex 0 -0.018650000914931297 0
   vertex 0.00076604442438110709 -0.018650000914931297 0.00064278760692104697
   vertex 0.00070710678119212389 -0.018650000914931297 0.00070710678119212389
  endloop
 endfacet
 facet normal -0 -1 0
  outer loop
   vertex 0 -0.018650000914931297 0
   vertex 0.00070710678119212389 -0.018650000914931297 0.00070710678119212389
   vertex 0.00064278760692104697 -0.018650000914931297 0.00076604442438110709
  endloop
 endfacet
 facet normal 0 -1 -0
  outer loop
   vertex 0.00093969260342419147 -0.018650000914931297 0.00034202021197415888
   vertex 0.00090630777413025498 -0.018650000914931297 0.00042261829366907477
   vertex 0 -0.018650000914931297 0
  endloop
 endfacet
 facet normal -0 -1 0
  outer loop
   vertex 0 -0.018650000914931297 0
   vertex 0.00090630777413025498 -0.018650000914931297 0.00042261829366907477
   vertex 0.00086602539522573352 -0.018650000914931297 0.00050000002374872565
  endloop
 endfacet
 facet normal -0 -1 0
  outer loop
   vertex 0 -0.018650000914931297 0
   vertex 0.00086602539522573352 -0.018650000914931297 0.00050000002374872565
   vertex 0.0008191519882529974 -0.018650000914931297 0.0005735764279961586
  endloop
 endfacet
 facet normal 0 -1 -0
  outer loop
   vertex 0.00099619466345757246 -0.018650000914931297 8.71557422215119e-05
   vertex 0.00098480773158371449 -0.018650000914931297 0.00017364819359499961
   vertex 0 -0.018650000914931297 0
  endloop
 endfacet
 facet normal -0 -1 0
  outer loop
   vertex 0 -0.018650000914931297 0
   vertex 0.00098480773158371449 -0.018650000914931297 0.00017364819359499961
   vertex 0.00096592580666765571 -0.018650000914931297 0.00025881911278702319
  endloop
 endfacet
 facet normal -0 -1 0
  outer loop
   vertex 0 -0.018650000914931297 0
   vertex 0.00096592580666765571 -0.018650000914931297 0.00025881911278702319
   vertex 0.00093969260342419147 -0.018650000914931297 0.00034202021197415888
  endloop
 endfacet
 facet normal -0 -1 0
  outer loop
   vertex 0.00098480773158371449 -0.018650000914931297 -0.00017364819359499961
   vertex 0.00099619466345757246 -0.018650000914931297 -8.71557422215119e-05
   vertex 0 -0.018650000914931297 0
  endloop
 endfacet
 facet normal 0 -1 0
  outer loop
   vertex 0 -0.018650000914931297 0
   vertex 0.00099619466345757246 -0.018650000914931297 -8.71557422215119e-05
   vertex 0.0010000000474974513 -0.018650000914931297 -2.8327689296036927e-19
  endloop
 endfacet
 facet normal 0 -1 0
  outer loop
   vertex 0 -0.018650000914931297 0
   vertex 0.0010000000474974513 -0.018650000914931297 -2.8327689296036927e-19
   vertex 0.00099619466345757246 -0.018650000914931297 8.71557422215119e-05
  endloop
 endfacet
 facet normal -0 -1 0
  outer loop
   vertex 0.00090630777413025498 -0.018650000914931297 -0.00042261829366907477
   vertex 0.00093969260342419147 -0.018650000914931297 -0.00034202021197415888
   vertex 0 -0.018650000914931297 0
  endloop
 endfacet
 facet normal 0 -1 0
  outer loop
   vertex 0 -0.018650000914931297 0
   vertex 0.00093969260342419147 -0.018650000914931297 -0.00034202021197415888
   vertex 0.00096592580666765571 -0.018650000914931297 -0.00025881911278702319
  endloop
 endfacet
 facet normal 0 -1 0
  outer loop
   vertex 0 -0.018650000914931297 0
   vertex 0.00096592580666765571 -0.018650000914931297 -0.00025881911278702319
   vertex 0.00098480773158371449 -0.018650000914931297 -0.00017364819359499961
  endloop
 endfacet
 facet normal -0 -1 0
  outer loop
   vertex 0.00076604442438110709 -0.018650000914931297 -0.00064278760692104697
   vertex 0.0008191519882529974 -0.018650000914931297 -0.0005735764279961586
   vertex 0 -0.018650000914931297 0
  endloop
 endfacet
 facet normal 0 -1 0
  outer loop
   vertex 0 -0.018650000914931297 0
   vertex 0.0008191519882529974 -0.018650000914931297 -0.0005735764279961586
   vertex 0.00086602539522573352 -0.018650000914931297 -0.00050000002374872565
  endloop
 endfacet
 facet normal 0 -1 0
  outer loop
   vertex 0 -0.018650000914931297 0
   vertex 0.00086602539522573352 -0.018650000914931297 -0.00050000002374872565
   vertex 0.00090630777413025498 -0.018650000914931297 -0.00042261829366907477
  endloop
 endfacet
 facet normal -0 -1 0
  outer loop
   vertex 0.0005735764279961586 -0.018650000914931297 -0.0008191519882529974
   vertex 0.00064278760692104697 -0.018650000914931297 -0.00076604442438110709
   vertex 0 -0.018650000914931297 0
  endloop
 endfacet
 facet normal 0 -1 0
  outer loop
   vertex 0 -0.018650000914931297 0
   vertex 0.00064278760692104697 -0.018650000914931297 -0.00076604442438110709
   vertex 0.00070710678119212389 -0.018650000914931297 -0.00070710678119212389
  endloop
 endfacet
 facet normal 0 -1 0
  outer loop
   vertex 0 -0.018650000914931297 0
   vertex 0.00070710678119212389 -0.018650000914931297 -0.00070710678119212389
   vertex 0.00076604442438110709 -0.018650000914931297 -0.00064278760692104697
  endloop
 endfacet
 facet normal -0 -1 0
  outer loop
   vertex 0.00034202021197415888 -0.018650000914931297 -0.00093969260342419147
   vertex 0.00042261829366907477 -0.018650000914931297 -0.00090630777413025498
   vertex 0 -0.018650000914931297 0
  endloop
 endfacet
 facet normal 0 -1 0
  outer loop
   vertex 0 -0.018650000914931297 0
   vertex 0.00042261829366907477 -0.018650000914931297 -0.00090630777413025498
   vertex 0.00050000002374872565 -0.018650000914931297 -0.00086602539522573352
  endloop
 endfacet
 facet normal 0 -1 0
  outer loop
   vertex 0 -0.018650000914931297 0
   vertex 0.00050000002374872565 -0.018650000914931297 -0.00086602539522573352
   vertex 0.0005735764279961586 -0.018650000914931297 -0.0008191519882529974
  endloop
 endfacet
 facet normal -0 -1 0
  outer loop
   vertex 8.71557422215119e-05 -0.018650000914931297 -0.00099619466345757246
   vertex 0.00017364819359499961 -0.018650000914931297 -0.00098480773158371449
   vertex 0 -0.018650000914931297 0
  endloop
 endfacet
 facet normal 0 -1 0
  outer loop
   vertex 0 -0.018650000914931297 0
   vertex 0.00017364819359499961 -0.018650000914931297 -0.00098480773158371449
   vertex 0.00025881911278702319 -0.018650000914931297 -0.00096592580666765571
  endloop
 endfacet
 facet normal 0 -1 0
  outer loop
   vertex 0 -0.018650000914931297 0
   vertex 0.00025881911278702319 -0.018650000914931297 -0.00096592580666765571
   vertex 0.00034202021197415888 -0.018650000914931297 -0.00093969260342419147
  endloop
 endfacet
 facet normal 0 -1 0
  outer loop
   vertex -0.00017364819359499961 -0.018650000914931297 -0.00098480773158371449
   vertex -8.71557422215119e-05 -0.018650000914931297 -0.00099619466345757246
   vertex 0 -0.018650000914931297 0
  endloop
 endfacet
 facet normal 0 -1 0
  outer loop
   vertex 0 -0.018650000914931297 0
   vertex -8.71557422215119e-05 -0.018650000914931297 -0.00099619466345757246
   vertex 0 -0.018650000914931297 -0.0010000000474974513
  endloop
 endfacet
 facet normal 0 -1 0
  outer loop
   vertex 0 -0.018650000914931297 0
   vertex 0 -0.018650000914931297 -0.0010000000474974513
   vertex 8.71557422215119e-05 -0.018650000914931297 -0.00099619466345757246
  endloop
 endfacet
 facet normal 0 -1 0
  outer loop
   vertex -0.00042261829366907477 -0.018650000914931297 -0.00090630777413025498
   vertex -0.00034202021197415888 -0.018650000914931297 -0.00093969260342419147
   vertex 0 -0.018650000914931297 0
  endloop
 endfacet
 facet normal 0 -1 0
  outer loop
   vertex 0 -0.018650000914931297 0
   vertex -0.00034202021197415888 -0.018650000914931297 -0.00093969260342419147
   vertex -0.00025881911278702319 -0.018650000914931297 -0.00096592580666765571
  endloop
 endfacet
 facet normal 0 -1 0
  outer loop
   vertex 0 -0.018650000914931297 0
   vertex -0.00025881911278702319 -0.018650000914931297 -0.00096592580666765571
   vertex -0.00017364819359499961 -0.018650000914931297 -0.00098480773158371449
  endloop
 endfacet
 facet normal 0 -1 0
  outer loop
   vertex -0.00064278760692104697 -0.018650000914931297 -0.00076604442438110709
   vertex -0.0005735764279961586 -0.018650000914931297 -0.0008191519882529974
   vertex 0 -0.018650000914931297 0
  endloop
 endfacet
 facet normal 0 -1 0
  outer loop
   vertex 0 -0.018650000914931297 0
   vertex -0.0005735764279961586 -0.018650000914931297 -0.0008191519882529974
   vertex -0.00050000002374872565 -0.018650000914931297 -0.00086602539522573352
  endloop
 endfacet
 facet normal 0 -1 0
  outer loop
   vertex 0 -0.018650000914931297 0
   vertex -0.00050000002374872565 -0.018650000914931297 -0.00086602539522573352
   vertex -0.00042261829366907477 -0.018650000914931297 -0.00090630777413025498
  endloop
 endfacet
 facet normal 0 -1 0
  outer loop
   vertex -0.0008191519882529974 -0.018650000914931297 -0.0005735764279961586
   vertex -0.00076604442438110709 -0.018650000914931297 -0.00064278760692104697
   vertex 0 -0.018650000914931297 0
  endloop
 endfacet
 facet normal 0 -1 0
  outer loop
   vertex 0 -0.018650000914931297 0
   vertex -0.00076604442438110709 -0.018650000914931297 -0.00064278760692104697
   vertex -0.00070710678119212389 -0.018650000914931297 -0.00070710678119212389
  endloop
 endfacet
 facet normal 0 -1 0
  outer loop
   vertex 0 -0.018650000914931297 0
   vertex -0.00070710678119212389 -0.018650000914931297 -0.00070710678119212389
   vertex -0.00064278760692104697 -0.018650000914931297 -0.00076604442438110709
  endloop
 endfacet
 facet normal 0 -1 0
  outer loop
   vertex -0.00093969260342419147 -0.018650000914931297 -0.00034202021197415888
   vertex -0.00090630777413025498 -0.018650000914931297 -0.00042261829366907477
   vertex 0 -0.018650000914931297 0
  endloop
 endfacet
 facet normal 0 -1 0
  outer loop
   vertex 0 -0.018650000914931297 0
   vertex -0.00090630777413025498 -0.018650000914931297 -0.00042261829366907477
   vertex -0.00086602539522573352 -0.018650000914931297 -0.00050000002374872565
  endloop
 endfacet
 facet normal 0 -1 0
  outer loop
   vertex 0 -0.018650000914931297 0
   vertex -0.00086602539522573352 -0.018650000914931297 -0.00050000002374872565
   vertex -0.0008191519882529974 -0.018650000914931297 -0.0005735764279961586
  endloop
 endfacet
 facet normal 0 -1 0
  outer loop
   vertex -0.00099619466345757246 -0.018650000914931297 -8.71557422215119e-05
   vertex -0.00098480773158371449 -0.018650000914931297 -0.00017364819359499961
   vertex 0 -0.018650000914931297 0
  endloop
 endfacet
 facet normal 0 -1 0
  outer loop
   vertex 0 -0.018650000914931297 0
   vertex -0.00098480773158371449 -0.018650000914931297 -0.00017364819359499961
   vertex -0.00096592580666765571 -0.018650000914931297 -0.00025881911278702319
  endloop
 endfacet
 facet normal 0 -1 0
  outer loop
   vertex 0 -0.018650000914931297 0
   vertex -0.00096592580666765571 -0.018650000914931297 -0.00025881911278702319
   vertex -0.00093969260342419147 -0.018650000914931297 -0.00034202021197415888
  endloop
 endfacet
 facet normal 0 -1 0
  outer loop
   vertex -0.00098480773158371449 -0.018650000914931297 0.00017364819359499961
   vertex -0.00099619466345757246 -0.018650000914931297 8.71557422215119e-05
   vertex 0 -0.018650000914931297 0
  endloop
 endfacet
 facet normal 0 -1 -0
  outer loop
   vertex 0 -0.018650000914931297 0
   vertex -0.00099619466345757246 -0.018650000914931297 8.71557422215119e-05
   vertex -0.0010000000474974513 -0.018650000914931297 1.0718750100093564e-18
  endloop
 endfacet
 facet normal 0 -1 0
  outer loop
   vertex 0 -0.018650000914931297 0
   vertex -0.0010000000474974513 -0.018650000914931297 1.0718750100093564e-18
   vertex -0.00099619466345757246 -0.018650000914931297 -8.71557422215119e-05
  endloop
 endfacet
 facet normal 0 -1 0
  outer loop
   vertex -0.00090630777413025498 -0.018650000914931297 0.00042261829366907477
   vertex -0.00093969260342419147 -0.018650000914931297 0.00034202021197415888
   vertex 0 -0.018650000914931297 0
  endloop
 endfacet
 facet normal 0 -1 -0
  outer loop
   vertex 0 -0.018650000914931297 0
   vertex -0.00093969260342419147 -0.018650000914931297 0.00034202021197415888
   vertex -0.00096592580666765571 -0.018650000914931297 0.00025881911278702319
  endloop
 endfacet
 facet normal 0 -1 -0
  outer loop
   vertex 0 -0.018650000914931297 0
   vertex -0.00096592580666765571 -0.018650000914931297 0.00025881911278702319
   vertex -0.00098480773158371449 -0.018650000914931297 0.00017364819359499961
  endloop
 endfacet
 facet normal 0 -1 0
  outer loop
   vertex -0.00076604442438110709 -0.018650000914931297 0.00064278760692104697
   vertex -0.0008191519882529974 -0.018650000914931297 0.0005735764279961586
   vertex 0 -0.018650000914931297 0
  endloop
 endfacet
 facet normal 0 -1 -0
  outer loop
   vertex 0 -0.018650000914931297 0
   vertex -0.0008191519882529974 -0.018650000914931297 0.0005735764279961586
   vertex -0.00086602539522573352 -0.018650000914931297 0.00050000002374872565
  endloop
 endfacet
 facet normal 0 -1 -0
  outer loop
   vertex 0 -0.018650000914931297 0
   vertex -0.00086602539522573352 -0.018650000914931297 0.00050000002374872565
   vertex -0.00090630777413025498 -0.018650000914931297 0.00042261829366907477
  endloop
 endfacet
 facet normal 0 -1 0
  outer loop
   vertex -0.0005735764279961586 -0.018650000914931297 0.0008191519882529974
   vertex -0.00064278760692104697 -0.018650000914931297 0.00076604442438110709
   vertex 0 -0.018650000914931297 0
  endloop
 endfacet
 facet normal 0 -1 -0
  outer loop
   vertex 0 -0.018650000914931297 0
   vertex -0.00064278760692104697 -0.018650000914931297 0.00076604442438110709
   vertex -0.00070710678119212389 -0.018650000914931297 0.00070710678119212389
  endloop
 endfacet
 facet normal 0 -1 -0
  outer loop
   vertex 0 -0.018650000914931297 0
   vertex -0.00070710678119212389 -0.018650000914931297 0.00070710678119212389
   vertex -0.00076604442438110709 -0.018650000914931297 0.00064278760692104697
  endloop
 endfacet
 facet normal 0 -1 0
  outer loop
   vertex -0.00034202021197415888 -0.018650000914931297 0.00093969260342419147
   vertex -0.00042261829366907477 -0.018650000914931297 0.00090630777413025498
   vertex 0 -0.018650000914931297 0
  endloop
 endfacet
 facet normal 0 -1 -0
  outer loop
   vertex 0 -0.018650000914931297 0
   vertex -0.00042261829366907477 -0.018650000914931297 0.00090630777413025498
   vertex -0.00050000002374872565 -0.018650000914931297 0.00086602539522573352
  endloop
 endfacet
 facet normal 0 -1 -0
  outer loop
   vertex 0 -0.018650000914931297 0
   vertex -0.00050000002374872565 -0.018650000914931297 0.00086602539522573352
   vertex -0.0005735764279961586 -0.018650000914931297 0.0008191519882529974
  endloop
 endfacet
 facet normal 0 -1 0
  outer loop
   vertex -8.71557422215119e-05 -0.018650000914931297 0.00099619466345757246
   vertex -0.00017364819359499961 -0.018650000914931297 0.00098480773158371449
   vertex 0 -0.018650000914931297 0
  endloop
 endfacet
 facet normal 0 -1 -0
  outer loop
   vertex 0 -0.018650000914931297 0
   vertex -0.00017364819359499961 -0.018650000914931297 0.00098480773158371449
   vertex -0.00025881911278702319 -0.018650000914931297 0.00096592580666765571
  endloop
 endfacet
 facet normal 0 -1 -0
  outer loop
   vertex 0 -0.018650000914931297 0
   vertex -0.00025881911278702319 -0.018650000914931297 0.00096592580666765571
   vertex -0.00034202021197415888 -0.018650000914931297 0.00093969260342419147
  endloop
 endfacet
endsolid
